## 2poptiger.pomdp
## McDonald-Madden et al (2011)

discount: 0.95                 ## Finite horizon
values: reward
states: AA AP PA PrPr
actions: PN NP PM MP PP NN  ## P= protect; N= nothing; M= monitor;
observations: aa ap pa pp

## State-Action transitions
T:PN
1.0000000	0.0000000	0.0000000	0.0000000
0.0879900	0.9120100	0.0000000	0.0000000
0.0021000	0.0000000	0.9979000	0.0000000
0.0001848	0.0019152	0.0878052	0.9100948

T:NP
1.0000000	0.0000000	0.0000000	0.0000000
0.0021000	0.9979000	0.0000000	0.0000000
0.0879900	0.0000000	0.9120100	0.0000000
0.0001848	0.0878052	0.0019152	0.9100948

T:PP
1.0000000	0.0000000	0.0000000	0.0000000
0.0844300	0.9155700	0.0000000	0.0000000
0.0844300	0.0000000	0.9155700	0.0000000
0.0071284	0.0773016	0.0773016	0.8382684

T:PM
1.0000000	0.0000000	0.0000000	0.0000000
0.0879900	0.9120100	0.0000000	0.0000000
0.0529900	0.0000000	0.9470100	0.0000000
0.0046626	0.0483274	0.0833274	0.8636826

T:MP
1.0000000	0.0000000	0.0000000	0.0000000
0.0529900	0.9470100	0.0000000	0.0000000
0.0879900	0.0000000	0.9120100	0.0000000
0.0046626	0.0833274	0.0483274	0.8636826

T:NN
1.0000000	0.0000000	0.0000000	0.0000000
0.0879900	0.9120100	0.0000000	0.0000000
0.0879900	0.0000000	0.9120100	0.0000000
0.0077422	0.0802478	0.0802478	0.8317622

## Observation function
O:PN
1.000000	0.000000	0.000000	0.000000
0.990000	0.010000	0.000000	0.000000
0.990000	0.000000	0.010000	0.000000
0.980100	0.009900	0.009900	0.000100

O:NP
1.000000	0.000000	0.000000	0.000000
0.990000	0.010000	0.000000	0.000000
0.990000	0.000000	0.010000	0.000000
0.980100	0.009900	0.009900	0.000100

O:PP
1.000000	0.000000	0.000000	0.000000
0.990000	0.010000	0.000000	0.000000
0.990000	0.000000	0.010000	0.000000
0.980100	0.009900	0.009900	0.000100

O:PM
1.000000	0.000000	0.000000	0.000000
0.800000	0.200000	0.000000	0.000000
0.990000	0.000000	0.010000	0.000000
0.792000	0.198000	0.008000	0.002000

O:MP
1.000000	0.000000	0.000000	0.000000
0.990000	0.010000	0.000000	0.000000
0.800000	0.000000	0.200000	0.000000
0.792000	0.008000	0.198000	0.002000

O:NN
1.000000	0.000000	0.000000	0.000000
0.990000	0.010000	0.000000	0.000000
0.990000	0.000000	0.010000	0.000000
0.980100	0.009900	0.009900	0.000100

# Rewards
## R: * : * : AA : *	0
## R: * : * : AP : *	1
## R: * : * : PA : *	1
## R: * : * : PrPr : *	2

## Rewards (normalized)
R: * : * : AA : * 0
R: * : * : AP : * 0.5
R: * : * : PA : * 0.5
R: * : * : PrPr : *	1
